00000000		7f	45	4c	46	01	01	01	00		00	00	00	00	00	00	00	00		|.ELF............|
00000010		01	00	03	00	01	00	00	00		00	00	00	00	00	00	00	00		|................|
00000020		40	03	00	00	00	00	00	00		34	00	00	00	00	00	28	00		|@.......4.....(.|
00000030		0d	00	0a	00	55	89	e5	83		ec	08	83	ec	08	ff	75	08		|....U.........u.|
00000040		68	00	00	00	00	e8	fc	ff		ff	ff	83	c4	10	90	c9	c3		|h...............|
00000050		8d	4c	24	04	83	e4	f0	ff		71	fc	55	89	e5	51	83	ec		|.L$.....q.U..Q..|
00000060		14	c7	45	f0	01	00	00	00		8b	15	04	00	00	00	a1	00		|..E.............|
00000070		00	00	00	01	c2	8b	45	f0		01	c2	8b	45	f4	01	d0	83		|......E....E....|
00000080		ec	0c	50	e8	fc	ff	ff	ff		83	c4	10	8b	45	f0	8b	4d		|..P.........E..M|
00000090		fc	c9	8d	61	fc	c3	00	00		54	00	00	00	55	00	00	00		|...a....T...U...|
000000a0		25	64	0a	00	00	47	43	43		3a	20	28	55	62	75	6e	74		|%d...GCC: (Ubunt|
000000b0		75	20	35	2e	34	2e	30	2d		36	75	62	75	6e	74	75	31		|u 5.4.0-6ubuntu1|
000000c0		7e	31	36	2e	30	34	2e	31		30	29	20	35	2e	34	2e	30		|~16.04.10) 5.4.0|
000000d0		20	32	30	31	36	30	36	30		39	00	00	00	14	00	00	00		| 20160609.......|
000000e0		00	00	00	00	01	7a	52	00		01	7c	08	01	1b	0c	04	04		|.....zR..|......|
000000f0		88	01	00	00	1c	00	00	00		1c	00	00	00	00	00	00	00		|................|
00000100		1c	00	00	00	00	41	0e	08		85	02	42	0d	05	58	c5	0c		|.....A....B..X..|
00000110		04	04	00	00	28	00	00	00		3c	00	00	00	1c	00	00	00		|....(...<.......|
00000120		46	00	00	00	00	44	0c	01		00	47	10	05	02	75	00	43		|F....D...G...u.C|
00000130		0f	03	75	7c	06	73	0c	01		00	41	c5	43	0c	04	04	00		|..u|.s...A.C....|
00000140		00	00	00	00	00	00	00	00		00	00	00	00	00	00	00	00		|................|
00000150		01	00	00	00	00	00	00	00		00	00	00	00	04	00	f1	ff		|................|
00000160		00	00	00	00	00	00	00	00		00	00	00	00	03	00	01	00		|................|
00000170		00	00	00	00	00	00	00	00		00	00	00	00	03	00	03	00		|................|
00000180		00	00	00	00	00	00	00	00		00	00	00	00	03	00	04	00		|................|
00000190		00	00	00	00	00	00	00	00		00	00	00	00	03	00	05	00		|................|
000001a0		11	00	00	00	04	00	00	00		04	00	00	00	01	00	03	00		|................|
000001b0		21	00	00	00	00	00	00	00		04	00	00	00	01	00	04	00		|!...............|
000001c0		00	00	00	00	00	00	00	00		00	00	00	00	03	00	07	00		|................|
000001d0		00	00	00	00	00	00	00	00		00	00	00	00	03	00	08	00		|................|
000001e0		00	00	00	00	00	00	00	00		00	00	00	00	03	00	06	00		|................|
000001f0		32	00	00	00	00	00	00	00		04	00	00	00	11	00	03	00		|2...............|
00000200		42	00	00	00	04	00	00	00		04	00	00	00	11	00	f2	ff		|B...............|
00000210		54	00	00	00	00	00	00	00		1c	00	00	00	12	00	01	00		|T...............|
00000220		5a	00	00	00	00	00	00	00		00	00	00	00	10	00	00	00		|Z...............|
00000230		61	00	00	00	1c	00	00	00		46	00	00	00	12	00	01	00		|a.......F.......|
00000240		00	53	69	6d	70	6c	65	53		65	63	74	69	6f	6e	2e	63		|.SimpleSection.c|
00000250		00	73	74	61	74	69	63	5f		76	61	72	2e	31	34	38	38		|.static_var.1488|
00000260		00	73	74	61	74	69	63	5f		76	61	72	32	2e	31	34	38		|.static_var2.148|
00000270		39	00	67	6c	6f	62	61	6c		5f	69	6e	69	74	5f	76	61		|9.global_init_va|
00000280		72	00	67	6c	6f	62	61	6c		5f	75	6e	69	6e	69	74	5f		|r.global_uninit_|
00000290		76	61	72	00	66	75	6e	63		31	00	70	72	69	6e	74	66		|var.func1.printf|
000002a0		00	6d	61	69	6e	00	00	00		0d	00	00	00	01	05	00	00		|.main...........|
000002b0		12	00	00	00	02	0e	00	00		36	00	00	00	01	03	00	00		|........6.......|
000002c0		3b	00	00	00	01	04	00	00		50	00	00	00	02	0d	00	00		|;.......P.......|
000002d0		20	00	00	00	02	02	00	00		40	00	00	00	02	02	00	00		| .......@.......|
000002e0		00	2e	73	79	6d	74	61	62		00	2e	73	74	72	74	61	62		|..symtab..strtab|
000002f0		00	2e	73	68	73	74	72	74		61	62	00	2e	72	65	6c	2e		|..shstrtab..rel.|
00000300		74	65	78	74	00	2e	64	61		74	61	00	2e	62	73	73	00		|text..data..bss.|
00000310		2e	72	6f	64	61	74	61	00		2e	63	6f	6d	6d	65	6e	74		|.rodata..comment|
00000320		00	2e	6e	6f	74	65	2e	47		4e	55	2d	73	74	61	63	6b		|..note.GNU-stack|
00000330		00	2e	72	65	6c	2e	65	68		5f	66	72	61	6d	65	00	00		|..rel.eh_frame..|
00000340		00	00	00	00	00	00	00	00		00	00	00	00	00	00	00	00		|................|
00000350		00	00	00	00	00	00	00	00		00	00	00	00	00	00	00	00		|................|
00000360		00	00	00	00	00	00	00	00		1f	00	00	00	01	00	00	00		|................|
00000370		06	00	00	00	00	00	00	00		34	00	00	00	62	00	00	00		|........4...b...|
00000380		00	00	00	00	00	00	00	00		01	00	00	00	00	00	00	00		|................|
00000390		1b	00	00	00	09	00	00	00		40	00	00	00	00	00	00	00		|........@.......|
000003a0		a8	02	00	00	28	00	00	00		0b	00	00	00	01	00	00	00		|....(...........|
000003b0		04	00	00	00	08	00	00	00		25	00	00	00	01	00	00	00		|........%.......|
000003c0		03	00	00	00	00	00	00	00		98	00	00	00	08	00	00	00		|................|
000003d0		00	00	00	00	00	00	00	00		04	00	00	00	00	00	00	00		|................|
000003e0		2b	00	00	00	08	00	00	00		03	00	00	00	00	00	00	00		|+...............|
000003f0		a0	00	00	00	04	00	00	00		00	00	00	00	00	00	00	00		|................|
00000400		04	00	00	00	00	00	00	00		30	00	00	00	01	00	00	00		|........0.......|
00000410		02	00	00	00	00	00	00	00		a0	00	00	00	04	00	00	00		|................|
00000420		00	00	00	00	00	00	00	00		01	00	00	00	00	00	00	00		|................|
00000430		38	00	00	00	01	00	00	00		30	00	00	00	00	00	00	00		|8.......0.......|
00000440		a4	00	00	00	36	00	00	00		00	00	00	00	00	00	00	00		|....6...........|
00000450		01	00	00	00	01	00	00	00		41	00	00	00	01	00	00	00		|........A.......|
00000460		00	00	00	00	00	00	00	00		da	00	00	00	00	00	00	00		|................|
00000470		00	00	00	00	00	00	00	00		01	00	00	00	00	00	00	00		|................|
00000480		55	00	00	00	01	00	00	00		02	00	00	00	00	00	00	00		|U...............|
00000490		dc	00	00	00	64	00	00	00		00	00	00	00	00	00	00	00		|....d...........|
000004a0		04	00	00	00	00	00	00	00		51	00	00	00	09	00	00	00		|........Q.......|
000004b0		40	00	00	00	00	00	00	00		d0	02	00	00	10	00	00	00		|@...............|
000004c0		0b	00	00	00	08	00	00	00		04	00	00	00	08	00	00	00		|................|
000004d0		11	00	00	00	03	00	00	00		00	00	00	00	00	00	00	00		|................|
000004e0		e0	02	00	00	5f	00	00	00		00	00	00	00	00	00	00	00		|...._...........|
000004f0		01	00	00	00	00	00	00	00		01	00	00	00	02	00	00	00		|................|
00000500		00	00	00	00	00	00	00	00		40	01	00	00	00	01	00	00		|........@.......|
00000510		0c	00	00	00	0b	00	00	00		04	00	00	00	10	00	00	00		|................|
00000520		09	00	00	00	03	00	00	00		00	00	00	00	00	00	00	00		|................|
00000530		40	02	00	00	66	00	00	00		00	00	00	00	00	00	00	00		|@...f...........|
00000540		01	00	00	00	00	00	00	00																											|........|
00000548
